3.141590
9.141590
17.141590
18.141590
15.141590
28.141590
39.141590
17.141590
75.141586
12.141590
23.141590
80.141586
3.141590
120.141586
45.141590
93.141586
3.141590
105.141586
39.141590
117.141586
23.141590
171.141586
157.141586
210.141586
51.141590
3.141590
55.141590
84.141586
199.141586
148.141586
273.141602
65.141586
67.141586
267.141602
309.141602
248.141586
111.141586
225.141586
41.141590
81.141586
363.141602
126.141586
45.141590
390.141602
179.141586
318.141602
371.141602
191.141586
243.141586
3.141590
153.141586
309.141602
55.141590
3.141590
327.141602
168.141586
115.141586
3.141590
351.141602
62.141590
303.141602
308.141602
251.141586
444.141602
387.141602
328.141602
399.141602
606.141602
207.141586
486.141602
283.141602
358.141602
147.141586
368.141602
299.141602
528.141602
307.141602
311.141602
237.141586
3.141590
563.141602
651.141602
495.141602
667.141602
675.141602
343.141602
261.141602
90.141586
355.141602
804.141602
183.141586
3.141590
555.141602
747.141602
849.141602
193.141586
579.141602
585.141602
395.141602
894.141602
